Bounding Box 1
1216, 320
1360, 320
1360, 400
1216, 400

Bounding Box 2
1440, 304
1520, 304
1520, 400
1440, 400

Bounding Box 3
1536, 256
1648, 256
1648, 368
1536, 368 // test spawning a bug directly on this spot

Bounding Box 4
1696, 152
1776, 152
1776, 384
1696, 384

Bounding Box 5
1824, 248
2352, 248
2352, 352
1824, 352

Bounding Box 6
2480, 232
2560, 232
2560, 480
2480, 480

Bounding Box 7
2280, 368
2360, 368
2360, 472
2280, 472

Bounding Box 8
2280, 488
2552, 488
2552, 576
2280, 576

Bounding Box 9
2360, 584
2496, 592
2496, 688
2360, 688

Bounding Box 10
1328, 528
1544, 528
1544, 688
1328, 688

Bounding Box 11
1560, 472
2056, 472
2056, 576
1560, 576

Bounding Box 12
1984, 552
2224, 552
2224, 648
1984, 648