Bounding Box 1
1232, 1248
1440, 1248
1440, 1392
1232, 1392

Bounding Box 2
616, 1056
1176, 1056
1176, 1328
616, 1328

Bounding Box 3
632, 920
992, 920
992, 1040
632, 1040

Bounding Box 4
840, 554
936, 554
936, 912
840, 912

Bounding Box 5
1808, 1224
1912, 1224
1912, 1392
1808, 1392

Bounding Box 6
1928, 1288
2184, 1288
2184, 1424
1928, 1424

Bounding Box 7
2200, 1208
2296, 1208
2296, 1368
2200, 1368

Bounding Box 8
2000, 1176
2112, 1176
2112, 1280
2000, 1280

Bounding Box 9
1832, 1024
1952, 1024
1952, 1128
1832, 1128

Bounding Box 10
2000, 920
2112, 920
2112, 1120
2000, 1120

Bounding Box 11
2160, 1024
2264, 1024
2264, 1120
2160, 1120