Bounding Box 1
88, 688
256, 688
256, 784
88, 784

Bounding Box 2
432, 520
560, 520
560, 584
432, 584

Bounding Box 3
264, 664
528, 664
528, 864
264, 864

Bounding Box 4
200, 952
328, 952
328, 1080 
200, 1080

Bounding Box 5
336, 840
896, 840
896, 1024
336, 1024

Bounding Box 6
632, 600
944, 600
944, 752
632, 752

Bounding Box 7
824, 440
968, 440
968, 576
824, 576

Bounding Box 8
976, 488
1192, 488
1192, 560
976, 568

Bounding Box 9
936, 696
1096, 696
1096, 832
936, 832

Bounding Box 10
1368, 704
1504, 704
1504, 808
1368, 808

Bounding Box 11
896, 912
1152, 912
1152, 1008
896, 1008

Bounding Box 12
1032, 1096
1184, 1096
1184, 1216
1032, 1216

Bounding Box 13
832, 1264
1144, 1264
1144, 1384
832, 1384

Bounding Box 14
648, 1384
944, 1384
936, 1584
648, 1584

Bounding Box 15
264, 1448
600, 1448
592, 1552
264, 1552

Bounding Box 16
728, 1656
888, 1656
888, 1808
728, 1808

Bounding Box 17
624, 1864
904, 1864
904, 2000
624, 2000

Bounding Box 18
128, 1944
352, 1944
352, 2080
128, 2080