Bounding Box 1
64,  448
400, 448
400, 544 
64,  544

Bounding Box 2
208, 688
400, 688
400, 800
208, 800

Bounding Box 3
240, 832
400, 832
400, 896
240, 896

Bounding Box 4
560, 416
656, 416
656, 528
560, 528

Bounding Box 5
720, 432
832, 432
832, 528
720, 528

Bounding Box 6
880, 416
976, 416
976, 496
880, 496

Bounding Box 7
1056, 368
1136, 368
1136, 448
1056, 448

Bounding Box 8
1008, 544
1200, 544
1200, 608
1008, 608

Bounding Box 9
560, 640
656, 640
656, 896
560, 896

Bounding Box 10
672, 624
912, 624
912, 688
672, 688

Bounding Box 11
672, 784
976, 784
976, 880
672, 880

Bounding Box 12
944, 608
1040, 608
1040, 800
944, 800

Bounding Box 13
1056, 704
1392, 704
1392, 784
1056, 784

Bounding Box 14
944, 864
1216, 864
1216, 976
944, 976

Bounding Box 15
1312, 848
1664, 848
1664, 928
1312, 928

Bounding Box 16
1376, 944
1456, 944
1456, 992
1376, 992

Bounding Box 17
1232, 896
1312, 896
1312, 1072
1232, 1072

Bounding Box 18
976, 1168
1120, 1168
1120, 1232
976, 1232

Bounding Box 19
1136, 1088
1456, 1088
1456, 1232
1136, 1232

Bounding Box 20
688, 1600
800, 1600
800, 1760
688, 1760

Bounding Box 21
848, 1456
1408, 1456
1408, 1648
848, 1648

Bounding Box 22
1296, 1632
1488, 1632
1488, 1712
1296, 1712

Bounding Box 23
1504, 1680
1680, 1680
1680, 1760
1504, 1760