Bounding Box 1
560, 304
848, 304
848, 448
560, 448

Bounding Box 2
352, 528
864, 528
864, 896
352, 896

Bounding Box 3
880, 640
1040, 640
1040, 896
880, 896

Bounding Box 4
992, 272
1072, 272
1072, 400
992, 400

Bounding Box 5
1088, 352
1248, 352
1248, 544
1088, 544

Bounding Box 6
1264, 304
1392, 304
1392, 544
1264, 544

Bounding Box 7
1056, 624
1328, 624
1328, 768
1056, 768

Bounding Box 8
1344, 624
1696, 624
1696, 752
1344, 752

Bounding Box 9
1504, 560
1712, 560
1712, 624
1504, 624

Bounding Box 10
1632, 480
1728, 480
1728, 560
1632, 560

Bounding Box 11
1600, 752
1680, 752
1680, 832
1600, 832

Bounding Box 12
1312, 848
1664, 848
1664, 944
1312, 944