Bounding Box 1
184, 808
408, 808
408, 944
184, 936

Bounding Box 2
200, 1032
424, 1032
424, 1344
200, 1344

Bounding Box 3
176, 1600
432, 1600
432, 1774
176, 1774

Bounding Box 4
184, 2024
480, 2024
480, 2208
184, 2208

Bounding Box 5
488, 2168
664, 2168
664, 2288
488, 2288

Bounding Box 6
488, 1992
728, 1992
728, 2080
488, 2080

Bounding Box 7
752, 2032
1048, 2032
1048, 2160
752, 2160

Bounding Box 8
552, 2408
680, 2408
680, 2488
552, 2488

Bounding Box 9
696, 2288
1040, 2288
1040, 2424
696, 2424

Bounding Box 10
648, 2608
960, 2608
960, 2704
648, 2704

Bounding Box 11
1208, 2168
1416, 2168
1416, 2272
1208, 2272

Bounding Box 12
1224, 2376
1424, 2376
1424, 2448
1224, 2448

Bounding Box 13
976, 2568
1248, 2568
1248, 2744
976, 2744

Bounding Box 14
1256, 2608
1504, 2608
1504, 2752
1256, 2752

Bounding Box 15
1496, 1992
1640, 1992
1648, 2128
1496, 2128

Bounding Box 16
1440, 2216
1640, 2216
1640, 2416
1440, 2416

Bounding Box 17
1760, 2280
1976, 2280
1984, 2448
1760, 2448

Bounding Box 18
1776, 1040
2016, 1040
2016, 1144
1776, 1144