Bounding Box: 1
1360, 648
1472, 648
1472, 832
1360, 832

Bounding Box 2
1240, 792
1592, 792
1592, 848
1240, 848

Bounding Box 3
1128, 912
1312, 912
1312, 1112
1128, 1112

Bounding Box 4
1368, 936
1464, 936
1464, 1112
1368, 1112

Bounding Box 5
1520, 912
1688, 912
1688, 1096
1520, 1096

Bounding Box 6
1288, 1192
1512, 1192
1512, 1248
1288, 1248

Bounding Box 7
1160, 1224
1304, 1224
1304, 1256
1160, 1256

Bounding Box 8
1160, 1336
1224, 1336
1224, 1384
1160, 1384

Bounding Box 9
1240, 1224
1304, 1224
1304, 1312
1240, 1312

Bounding Box 10
1232, 1352
1304, 1352
1304, 1384
1232, 1384

Bounding Box 11
1544, 1184
1632, 1184
1632, 1384
1544, 1384